0,	17.32,	15.12,	17.19,	20.09,	21.05,	25.17,	21.34,	25.45,	25.06,	9.08,	42.09,	Fatima Jinnah Park (F-9 Park),
17.32,	0,	19.02,	8.06,	9.56,	14.21,	19.24,	13.12,	18.37,	17.23,	14,	39.27,	France Colony,
15.12,	19.02,	0,	4.18,	9.43,	12.35,	17.19,	12.43,	17.03,	16.17,	13.35,	50.07,	Rizzwannullahh,
17.19,	8.06,	4.18,	0,	10.48,	12.58,	17.23,	14.36,	16.26,	17,	14.29,	39.08,	Your Heart,
20.09,	9.56,	9.43,	10.48,	0,	17.37,	14.46,	7.09,	13.35,	14.14,	17.56,	43.24,	Shyn,
21.05,	14.21,	12.35,	12.58,	17.37,	0,	7.27,	6.19,	6.17,	14.19,	18.17,	44.38,	Muslim Colony,
25.17,	19.24,	17.19,	17.23,	14.46,	7.27,	0,	10.16,	4.57,	19.27,	23.52,	48.53,	CPF Headquarters,
21.34,	13.12,	12.43,	14.36,	7.09,	6.19,	10.16,	0,	7.39,	16.45,	20,	45.08,	Polo Ground,
21.34,	18.37,	17.03,	16.26,	13.35,	6.17,	4.57,	7.39,	0,	20.17,	22.59,	47.12,	Nurpur Shahan,
25.06,	17.23,	16.17,	17,	14.14,	14.19,	19.27,	16.45,	20.17,	0,	19.32,	41.45,	Lakeview Park,
9.08,	14,	13.35,	14.29,	17.56,	18.17,	23.52,	20,	22.59,	19.32,	0,	37.26,	Truck center 1 Al-bilal-Potohar,
42.09,	39.27,	50.07,	39.08,	43.24,	44.38,	48.53,	45.08,	47.12,	41.45,	37.26,	0,	Dumping location,

0,	13.06,	19.25,	27,	16.34,	28.09,	30.43,	22.37,	34.04,	30.45,	31.26,	47.56,	National Zoo Park Garden,
13.06,	0,	15.35,	28.45,	11.25,	16.36,	18.27,	23.04,	35,	36.23,	38.03,	48,	Malot,
19.25,	15.35,	0,	13.04,	8.54,	13.13,	19.34,	13.59,	20.35,	29.43,	43.05,	58.04,	Pind Begwal,
27,	28.45,	13.04,	0,	21.47,	29.25,	27.27,	22.35,	30,	40.27,	54.14,	60,	Bain Nala,
16.34,	11.25,	8.25,	21.47,	0,	18.36,	19.27,	21.15,	29.18,	34.02,	36.25,	52.43,	Dhook Qaziyan,
28.09,	16.36,	13.13,	29.25,	18.36,	0,	4.28,	9.54,	22.55,	38.23,	37.17,	52.03,	Enclave Business Centre,
30.43,	18.27,	19.34,	27.27,	19.27,	4.28,	0,	8.24,	21,	37.04,	39.28,	55.39,	Sector-J Bahria Enclave,
22.37,	23.04,	13.59,	22.35,	21.15,	9.54,	8.19,	0,	14.56,	36.26,	44.34,	58.25,	Gallery Changez,
34.04,	35,	20.35,	30,	29.18,	22.55,	21,	14.56,	0,	34.35,	36.07,	52.45,	Nilore,
30.45,	36.23,	29.43,	40.27,	34.02,	38.23,	37.17,	36.26,	34.35,	0,	16.04,	35.43,	Shaheen Town,
31.26,	38.03,	43.05,	5414,	36.25,	37.17,	39.28,	44.34,	36.07,	16.04,	0,	27.34,	Truck Departure 2 Scrap Traders,
47.56,	48,	58.04,	60,	52.43,	52.03,	55.39,	58.39,	52.45,	35.43,	27.34,	0,	Dumping location,

0,	9,	16.23,	23.54,	26.45,	13,	10.58,	14.35,	8.34,	13.34,	52.45,	33.43,	Pines Valley,
9,	0,	12.45,	21.46,	24.13,	10.19,	7.34,	7.08,	6.45,	9.17,	46,	31.09,	Javed Iqbal Town,
16.23,	12.34,	0,	10.23,	25.49,	14.56,	11.13,	12.56,	10.45,	7.56,	44.23,	29.26,	Channol,
23.54,	21.46,	10.23,	0,	15.45,	19.22,	25.16,	27.18,	23.27,	22.25,	36.42,	21.23,	Gulberg Greens,
26.45,	24.13,	25.49,	15.45,	0,	17.45,	19.34,	24.15,	22.46,	24.35,	37.24,	22.23,	Ghauri Model Town,
13,	10.19,	14.56,	19.22,	17.45,	0,	19.34,	10.34,	8.38,	10.17,	40.35,	24.07,	Ali Pur,
10.58,	7.34,	11.13,	25.16,	19.34,	19.34,	0,	7.27,	5.04,	7.45,	42.2,	25.23,	Panjgran,
14.35,	7.08,	12.56,	27.18,	24.15,	10.34,	7.27,	0,	5,	10.26,	45.23,	28.36,	Farash,
8.34,	6.54,	10.45,	23.27,	22.46,	8.38,	5.04,	5,	0,	8.46,	34.25,	35.25,	Jhang Syedan Hockey Ground,
13.34,	9.17,	7.56,	22.25,	24.35,	10.17,	7.45,	10.26,	8.46,	0,	44,	32.17,	AL Huda Town,
52.45,	46,	44.23,	36.42,	37.24,	40.35,	42.2,	45.23,	34.12,	44,	0,	29.18,	Truck Departure 3 Smik International,
33.43,	31.09,	29.26,	21.23,	22.42,	24.07,	25.23,	28.36,	35.25,	32.17,	29.18,	0,	Dumping location/Israeli Graveyard,

0,	6.19,	13.24,	8.42,	7.56,	8.34,	13.45,	13.16,	15.34,	14.54,	13,	42.33,	Golra Railway,
6.19,	0,	18.34,	9.56,	12.15,	20.34,	19.44,	18.07,	16.56,	16.42,	36.24,	37.45,	Allah Hoo Chowk,
13.24,	18.34,	0,	14.05,	13.45,	16.17,	21.01,	28.33,	30.24,	33.22,	14.39,	47.32,	Dhok Paracha,
8.42,	9.56,	14.05,	0,	12.51,	15.45,	23.16,	22.42,	20.19,	20.27,	11.45,	41.27,	Sarai Kharbuza,
7.56,	12.15,	13.45,	12.51,	0,	12,	17.31,	18.03,	26.22,	28.19,	13.53,	57.14,	Shamshad Market,
8.34,	20.34,	16.17,	15.45,	12,	0,	6.41,	8.46,	14.21,	17.51,	12.56,	36.21,	G-13/3,
13.45,	19.44,	21.01,	23.16,	17.31,	6.41,	0,	13.58,	8.59,	11.39,	16.36,	45.25,	Golra Metrobus Station,
13.16,	18.07,	28.33,	22.42,	18.03,	8.46,	13.58,	0,	11.45,	13.55,	18.36,	41.19,	G-14/2,
15.34,	16.56,	30.24,	20.19,	26.22,	14.21,	8.59,	11.45,	0,	10.45,	18.31,	39.27,	Jammu & Kashmir Housing Society,
14.54,	16.42,	33.22,	20.27,	28.19,	17.51,	11.39,	13.55,	10.45,	0,	23.05,	35.4,	Benazir Chowk,
13,	36.24,	14.39,	11.45,	13.53,	12.56,	16.36,	18.36,	18.31,	23.05,	0,	45.46,	Truck Departure 4 helping hand junk,
42.33,	37.45,	47.32,	41.27,	57.14,	36.21,	45.25,	41.19,	39.27,	35.4,	45.46,	0,	Dumping location,

0,	35,	35.6,	40.4,	44,	37.5,	23.15,	27.34,	33,	36.57,	30.4,	40,	D-18 Engineering Co-Operative,
35,	0,	9.44,	16.42,	20.55,	15.36,	15.43,	20.56,	22.3,	34.29,	14.24,	17.41,	H-9/4,
35.6,	9.44,	0,	11,	15.46,	14.55,	16.34,	21,	24,	29.54,	10.58,	15.1,	I-8/2,
40.4,	16.42,	11,	0,	7.15,	10.39,	21.42,	26.54,	30,	27,	15.51,	15.26,	Sohan,
44,	20.55,	15.46,	7.15,	0,	14.49,	25.55,	29.1,	31,	30.59,	17.26,	19.4,	Azhar Town,
37.5,	15.36,	14.55,	10.39,	14.49,	0,	22.52,	27.48,	28.51,	30,	20.33,	21.11,	National Agricultural Research Centre,
23.15,	15.43,	16.34,	21.42,	25.55,	22.52,	0,	13.25,	19.44,	34,	7.29,	16.8,	G10/2,
27.34,	20.56,	21,	26.54,	29.1,	27.48,	13.25,	0,	20.49,	42,	16.45,	20.33,	E/11,
33,	22.3,	24,	30,	31,	28.51,	19.44,	29.09,	0,	45,	20.48,	26.56,	H13/1,
36.57,	34.29,	29.54,	27,	30.59,	30,	34,	42,	45,	0,	31,	29.2,	Farash Town Phase III,
30.4,	14.24,	10.58,	15.51,	17.26,	20.33,	7.29,	16.45,	20.48,	31,	0,	15.11,	Truck Departure 5 Waste Hero,
40,	17.41,	15.1,	15.26,	19.4,	21.11,	16.8,	20.33,	26.56,	29.2,	15.11,	0,	Dumping location,
